. 5

555 mmmmm Lm 111: 1555. ⁵⁷4
5559555555. 5555551555 »tumefactum 5555555555555 5559555555, 5555 555555 5555· 55
5555559555 55555555555555 555555, 5555555 5555 555555 55555. 55. 555555 5555 5555555555 55555555 55.Ι
5555955559 55, 5555555555 5555555555 Μ 55555 5555555 5555555555 aud> 555 5555555· 5555 55555555
5559595555 5555 55555 95955 5555 mmm &amn .,5555 itt. 55· 5555 9555555 55555 555 55555 555555 55555555,
55555555555555555,155555555555555,5555Ῐ55555555555555555555555995555555- ·
55555555 355. 5 5555955955. 5555555555 5555 5555 5555. 5555 55555555 5555555555 9555555 555555, ·’555 a
55555555955555 95555555 5555555. 355555 5555555555 55 555555 &fiune 55595, 5555 5555 55555555 5555 5555 55555
5555555 95555555 555 555555 5555555555 55555 55555555 ’55555 55555555 5555 555 5555555 9555555555 65555. 55555 555 555)

5555555 9555555559, 555555 55555 55595555 5559555555· 55 5555555595 5555595555, 555555 5555 5555555 55559 .

5555555555 5555 55555555· 55555555 555 555 55555 ca 5555Ξ 55555 85555555 55555555 555555 55555 5555555. 5555· 55555559·
5555ἰὶ,555 55555555 5555555 555 55555 955555, 555 5555 5555 555 555 55555555551 555555 55555 55, 5555555555
555555 5555 555555 555555, 955555, 9555555 5555 55595 9555595555 5555 5555 55555555 555 5555955 555555 5555.
55555 5 55 555 5555 55 555 ’555555 5555555555· 55555, mm 5555555 555 mit 555555 5555 Serus 55555555 555
5555555555 55555555 55555 5555555555 55555555, 5555 5555555555 55555555 555555 5555555555, 555 555 mancunium 5 55 5555
5559 55555 55555555, 55555 5555 9555555 5555, 5555 5555555 555555 5555595555, 55555 555555 55555555 555 5555 555 5555
555555555555555555 5555555555, 555555555555*) 5555 5559555555 55595, 55555 555555, 55 5555555555 9555559
555555 ex 5555555555555555, 555555, 555 55555555 55555, 555 555555 5555555555, 5555555555. 55555·
95555555 55555, 555 9555555 95555555 5555 5595555555 55555 5555555555 555555 Eunu 555555 5555559 55555555 555555 95
555. 3555555555. 5555555555 constitui, seu 55955555, 55555555 55 555 5555 5555 55555 555555 5555 555555
55555555 55555555 coram m3Deo 55555 555555 555 55555555 5555 555 555 mid), 55555 5555 55555 55555555 555 55555555,
55555555 5555 555 55555 555 9555555 95555555, 5555 5555 55555 55555555 555 (5555555555, 555 55555555 5555555, 5555
9555555555. 55555555 aues 955955, 555 mit 555555 5555 55555555 55555 55555555 555 5555 555 &ott 55555, 5559555559 555
5559555 5555555555 5555595555 55555555, 55555555 555 65555555, 5555 55559555555555 555 5559555555. m·
5555555 5555555555 555555 555, 555 5555 555555 555 55555 55559555 5595555555 55555 5555555 555 555 55555 55555 55
55555555 Μ 5559595555 5555 55555 5595555555 55555555. 5555955555 ·

5555555 5555555555 5555555 555 55555555, 5555 5555555 &olam 9555555 555555 555555 5555 555 55555 55555555
555 5555555555, 55555 55555555 5555, 5595555559 555 555555 55555555 5555 5555555555 555555 555555, 555 5555555
&nm 95555559 5555 cuius 5555 55555555555555 iustitiae. nun [55555555 &bristi 555 555 nith! 5555555 Θιῐ5555595555
555555 555555 555 55555555 ,beta 55555, 555 55555 555555 555555, 55555555 555 5555 555595 55555555 555 9555555555
955559 55555, 55 555955 55, 555555 555555 55555555555555 5555 555 55555555 55 555 5555555555 5555559555 55555.
55555555 5555555 55555, 555 &tt 5555 555 &moe 95555 55555, 55555 5555 555 555555 5555555 5555 955555 5555-
555, 5555 5555555 Sota 555555 555555 5555, 55555 555 555555 putative, 5555 ,555 5555555 5555555555 555, 555 555 555
95555 5555555 9555559 95555555, 5555555 5555 5555555555 955 95555555 5555555555 5555555555 5555559555 5555555955
55555 5555559555 555. Su 5555555 5555555559 955955 555 955555 5555 5595555555. 55555 5555555 555 5555555 55 55
555 5555595555 5555 55555555 555555 5555555555, 55555 &ebt 555 55 5555 5555555555 5555555555 555555, 5555
55 5955555555 65555, 555 55555555 9555555555 555, 5555 9555 55555555555555555555555555. 5555959555 5595555555,
955, 5555 555 555555 5555555 5555 555 5559555559 5555 555 5555 55555555 5555555555 5555 95559555 5555555555, &ott
5559555559 5555 5555 555555 &tube 5555555, 555 55555 5555 5555555555. 55 555555 555 55555 555 5555559555
555555 555555 5555555555. 555555 55555555, 5555 55555555 555 5555555595 5555555555 555555, 55555555 55555555 5555 955
5555555555 5555555, 555 55555555 5555555, 5555555 5555 55555 5355555555 5555 955 555 55555559 5555 5559555559,
55555· 2¹23*ae wi, num& 35ῗῖ5·,5555555555555’.55555555,
555555 qum, 955555 535555 5555555 5555555 95555555, 5555 5 5555555 5555555555 5555 555 9555555 55555 menn 5555555
555 5555 555 5555 5555 5559555555 55555555 55555 5555555 555 55555 55555555 555 555955 9555555555 5555 55595 5555
559,55 &ott 5555555 555555 &bn 5555 5555555 555555 95 5555 5555555555 555 55 5555555 (5555555955 555 &ott
55555555, 5555555955555, 555 5555555555 555555. 555555555555555555η5 5555555555 5555555555 haee
malm 55555555555155 555555555555555, 5555 5 555 5555555555 vestra, quod 595555 5555555555 55.5555 §bei
5555555555 5555555555 555, 5555555 55555 555555 5555555 55555 5555555 555 5555555555 555555,5 5555 555 mit
...ἀ-.- . J , 555555 5555555555 55555 5555555555 5555555555 555

5959 555555, md m · 5. ’ 55555555 5·5555555555555555555 55555555 5.5555

 

