648 EPISTOLAR'UM [AB. xn. 1664 444

Men, 444 4444 44 444 {am 44τί1444 4444 44444444, 8444444444 4444444444 4444444444, 4444444444,
44444) 44444 4444444, 4444444444 4444 444 44444444 4444444444 84444 444 Qut, ,4444 &tot 4 διἰεβ 44
44444444 with. 4444444 ist 444 44444 onnes, 4444 244444, &munumentum nuwanburg etc. 44444
44444ῑί44 4444444 viel (44444444 4444, 444 4444444 &dias 44444 44 4444444444 444 444444, Q 8. (4. &tuba
444 44444 444. Diem 44 444 4444444444 ztan ἰ4 44 4444444 4444444, 44444 et 44444 44444 44444444 &uteba
444 4444, 444 auct 4444444 444444 4444444444 444444, 44444444 4444444444 844444 44 2444444 ete. ῧύτιῖ
mie 444 4444444 [444444 Beati qui plantati sunt in 844444 444 4. 8. 4. 444444 44444444, 444 ,444444
domo Domini, 44 in atriis domus Dei nostri. &ec mit 4444444444, 44ῐί44444444 Dtbnunss, uubaimlidm
44 444 44444, 444 in 444 44444 444 44444 4444444444 4444444444, mie 444 44444444 44444444 44444444 ist,
444, 444. 4444444 44444 44444 444444 4444444444, 444 444 4444444 44444, 4444444 4444 [444 444 4444444444
, 444 444) 44144444 44444444 444 444444 4444444444. 44444444 444 Θ4444444, 444 ,4444444 4444444444, 444
444 444444, nm nid)t 44444 4444444444 444444ιί4, 444 4144 8444144 444 44444444 444 44444 444444 mig·
4444 444444 4444 4444, 444 444 44414444 444444 &etta 444 4444444. &iernen 44 viel 4444444444 44444444
eim ⁴) 444444 444444 44444 sein 4444 , 4444444 44444 444 444, 444444 444444 ist, 444 [tinet ὗ. 44. &britan 444
4444444 44444, 444 444 444444 44444444, 44444 mit 44 4444444444 4444444 444 in 4444444444 4444444, 44444
444444 444 4444 444444 Summers 444 444 44444 , adm: 4. 8. 43. 444 (4444444444 444444 44444 444 44444444,
1444444484444444444444, 444 444 444 44444444 m 444 44 44444 Ε44444444 44444 444444444444444, 444
44 4444, 4444444, in 444444444444444 44444, 44 4444444414444. 4444444444) 444444444444444444444
mit reine 4444 444 4144444444 444444 44444 444 44444. (4444444444, 444 44 4444444444 444 spem 444444, 444
4444, 44444 444 {mr 44441444 4444444, Oves 'meae 44 4444 34444 viel (4444444444 444444 4444444444444

' vocem meam audiunt. 4144 tvisson 4444444444444 vonssott, 444 444434444444444414444444444444·

444444 44444444 44444, 444 (444 44444444 444 444 444, 4444, mie 444 bert 4444444 4444444 Quot 4444 444 N
444 444444 444 44444, wie 44 444444, Sd) 4444 444), 44444444, 444 4444 4444444444 444444 44444444 444444.
444 min 4444 444444 444 444444 444) im 4444444444 ἕο 4444 mit 44 4444 aum 4444444444444 4444444444, 4
444. 4444444 4444 fnum 444 444444 44444444, fo mit 444 4444444 44444 444 &obn 44444 4444444, 444 mie,
44 44444414 44444444, Credo Ecclesiam catholicam. 44444444, 444 444 in 44414444 444 444 444 ,bam
344 444444 4444444), 444 444 4444444444 4444 444 44444444 44444 444 4444444.

444 ist, 44444 44444 (44444 444 4444444 43444444 4444, , ι

44444444 viel 444444 4444444444 &oeten 4444444 444, ο 3444 044444 44 444 404444 44444044 44 444444
444 44444441444444444444444444444444444444444 4444444 ,44 4444044444 444 44 34444444 404 404
34444444 444444, 444 44444 44444444 44444. Sd) 44444 4444 444444 4440444 404 4444 444 44 44 4440444 4444
eud), 444 4444444444 4444444444 &otton 81ch 44444 4044 4444 444444 444444· 844 4444 4444444444 ¹¹¹³ '
4444 44444 44, 444 444 444 44 444444 44, 444 4, 444 [rme 4444444 444 444, 4 et 44·
444 444444 444444 4444444444 ,44444 44444444 444 4444 44444 04444444) 044 04444444) 4440444444 ¹
44 444 44, 44 444 4444 444 44444 4444, 444 mutet 444 04444 44444444 4444, 444
444 min 44τί4 444444 &uiguit 44444444, 444 4444444, 44 444 444444 444 64444444 44444 444444 444 4444444
44444 &ott 4444444, 4444 44444444 sein, 444 innuet 4444 44444· 14444 04 4444) 044 44440444 444 6444 ·
44444 44444 444 4444 444444, 444 444 4444444444 444444 40 4444 3444 4444 40 44 404) 04444444 404
444 44444 4444 14444444 444444. &o 4444 444 44 mit 444 444 444 4444 404444· ῧο4404444 4444404
444444 4444444444, 44444 wit 4444444 44444444 stin 4044444 044 4444444 4404404 044 0444 040444 444
444 444 44 44444 444 mie 44444444 444, 44444 444 404 444 4444544044 4044044444 44444 404 40
44444, 444444 444 4444444444, 444 444444 444 4444 444 (44444 4444444444 4044 4444 44044444 44404404
4444444444 444144) 44444 444444 sein 444, 444 &ott 44444 444444 ,444 44444 440444Ι 444 4404444444 4444 4404
4444444 444 44444 4444444 44444, 44444 44444444 444 4444444444· 4444404444 444 4044444444 44*
44444444 444 444444 4444 44 4441444449 444 4444, 444 444 444444 44444 4444444444, 44444 444 44444
mg 4444 221„ 494ιῇ aym„ ¹¹¹¹>¹¹ md, 44444 4444414444 4444 444444144444444444 444444, m 4444
44444, 4444444444 44 444444 3444, 44444 444 444444 4444 44 944444 4444440444 444 44444 444 went

³¹¹ 4444444 mulia) 44444444 ¹5¹· 44444 444444 etms 44441 44444444, 44444444 4444ῑί44 444 Ι
...- 44444, 444 in 4444444 &rafim bleibeu. 444444 &ocb-

ι) ia. mm,- 44444444 &istst (44444 44444 &otta 444444, 444444ί

 

