555 ammomum 5555. x11. 5555. 555

8555555559 555 5555555 5555 5555 5555555555 95555555 55555555, 555 5555 555 5555555555 5555, 5555555 55555
955555, 5555Ι 5555 5555555555, 55555555 555. mer 555555 5555555 5555 5555 95555555. 555555 5555555 5555555
&obn 555 955 5555555955 5555 5555555555 9555555, 555 555 555 5555 (5555555 555555 5555 555 555 [eine 55555555 5595555ζ
555 555555 555 555555, 55555 55555555 5555 55555555 555 5555 555555 555 &ott 95555559. 55555 [ouen 555) 555
5555955555 5555555 5955555555, 555 555 5555 555 555 5555555 55 555555 555 855555 55515555 55555555 55
5555555 with, unb 555 [abst im ⁵Drebigtumpt 5555559 555, domino iustificatur omne semen lsraeh item: le·
555 55555555 5555 555595 5555555, 555 955955 5555 5555555, hova iustitia nostra. 35 5555555 55555 5555 5555 955
5555 55555 55555 555 555 5555595 &cist 55 555 5555955 555 5555 55 5555555 [555 (55555 555 555955 [eines (5555555555
555 55555595 95555555, 555. 555 5555 5555955 55555 95955 555 5555555, 555 55555 55555 555 in 5555 5555555955 555
5555, 5555 55555 55555555 5595555 55555555 5555555 555 555 5555555559 5559555595, 555 555555 55 55559555 55555
555 555 555· 6555, 555 5555555555 55 555 &obn 5555555 5555555555 5555555955 55555, 5555 Θ. 5555555 5555555
555 3 35555 5559555 55555 555 555595 5555555 35555, 555555 555 5555555555 555555 555 Qube, 5555555555
(5555515 55 5555555555 5555555555, 5555555555 555 5555555 555555595555555 555. 51555555555565555
555, 555 555 955595 5555555559, 55555555 55 55555 555 555 55555 555 3555555 5555 555 555 55555955 5555555 aab
5555 55555555. x 555555 555 555 3555555559 9595955 5555555, 55555 555

· , 5555 5555 9559555 ι5555555555 5555 555555 955955

, θὶῷ ‘Q‘ §brim ist ¹⁸an (55555ῗῖ55 2555555555, et de consummato beneficio, 555 55555555 nub
5555, 555 5515555) 5555 55555555 5555555 55 semem 5555 mim 9999

5555555, 555 5555 5555 &ott 9555555 5555, 555 555, 555 ,
5555 5555955559 555 &huben 55555, 55555 55555 95555559 5555555 555555 55555 5555 555 555 5555 55555 55·
5555 55955555 55555 555 5559555 5555555 (5555555555 5555 555 55555 5555 5555 55555555. §Datum [ou 5555 55555

5555555555. mathei 555 5555 55555, 55555555 5555 55555555, 555 5555555555 5555555555 5555955 5555555595

55 555 555555 55555 555 55 55555595 5595955555 55555, 5555 9595555555, 5555555 5555 5551 555 5555555 5555555
555 55555 555 5555595 555555 55555 555 55 555 55595 95955 55555 5555555, (55555555, 555 55555 5555555955. Die·
55, 5555555 5555555559 55 555595 55555 5555555555 555 55555 555 5555555955 55555 5559595555, 555 ste 555
55555 (5555555955 55555 55555. 5555 55555555 5555555 555 55555555 5555555555 555 55555555 555 5555 955 5555555559,
555. 5.: 55555 555 55555 5555 (5555555 5555555 5555, 555 555 555 9555555555 55555, 5555551555 555 9555555, 555
55555 5555 555 (5555555955. 55555 55 555555 5555 blei: (55555 55 55555 55555555 555 5555 55955555 555 555555 5555·
555 555555 5555555, 555 555 55555555 5555 &ott 9555555 555 555. 55555555 5555555595, 555 55555 5555, 555 55555555
5555 55595 555 5555555555 55555 555 &tabiit 5555555. 55555555, 555 555555 5555, 555 ste 5555 5555555555-
viden 55555 5555 555 55555 555 555 55595 5555, 555 55555555 5555 15555 9555555 5555 5559555 555 55555555ῑί555
555555 9555555, 5555 555 9555555555 55555 555555, 555 5555555955 555 55555555, 555555 5555 55555955 (5555555.
in 5555 &ott 555555 559555 95555555 555, 555555 555 555 5555 555555 5555555555 555 55555555, 5555 55 555
5555555555 5555555 fou 5555555555 55555 95555555 55555 5555555555 5555555 5555 5555559 555, 5555555555, 555
555 5555 555 55555559 55 555. Sumus dilecti in di· 555 &obn 55555515595555555555 555 5555555555
55555. 5555 5555 555 55 55555 9555555, 55555 5555 555 55555555 55555, 555555 mit 55555 555 Personam

91555) 55555 (555955 55955555 5555555, 5555 5555555 555555, 555 55555 55 5555555555, 55555 55 5555 555 5555555 -

55 555 5555 5555 &ott 95555559 555555 5555 555 555555 555 5555 555 55555555 55555 5555555· 5555555, 5555 5555555
&obn 5555555 555555 cuein 555 8555555555 9555555, 5555 55555555 5555559555 555955 5555555555. 5555555555
5555 555 5555 55595 5555 55555 555555 &aa 9555555555, 5555555555 5555555 55555 5555555559, 55555555 55 555555
555 55 5555 55555 9555595555555 555 555595 55555555 555555 555555 555, 5555555 6555555 &obn 555, 5555 55555
5555555955, 5555 55 55555555 55555555 555555 555 585555 555595 5555555 5555555555 95555555 555555 555 55555555
555555 555 555, 555 55555555 55 555 &obn 5555555555. 55555 5555555 5555 5555 555555, 55555 555 55555555 5555555.
,55555555555515555555955559555555555559 [555 55555 5555 5555· 55555 9555559 5555 55555555 5555 55555 9555555
55555 iu 555555 55555955, 5555 555 55555555 555 {zm 55555555, 55 555 5555 5555555555 55555 95555555, 555 5515
55555555 5555 5555 ,555555 (5555555555 5555555555 mit 5555555 [ein (5555 955555 55555 555555 55 5555555 5555555 5555
8555555555 555555 bist 55 9555555, 555 55555 5555 5555 555555 5555555955 mium 5555555555, 555 55555 55555
5555 55955555 555 555 5555555. 555 555 55555555 555555 555555, 555555 55 55 555955 585555 5555 555) 55555,

5555555 555 5555555555 5555555 95555555 ,5555555 55555 555 55 55555 559555 55559555ῇί55 555 555. 555555 mm
55555 9555555 555555, 555 55 95555 955595, 5555 5555 555 55 5555555 5555 5555 555 5555555 555555 95555555 555555.

 

